regiao,semana,data,novos_casos,bandeira
0,0.0,05-02,0.0,1
0,0.1429,05-03,0.0,1
0,0.2857,05-04,0.0,1
0,0.4286,05-05,2.0,1
0,0.5714,05-06,0.0,1
0,0.7143,05-07,3.0,1
0,0.8571,05-08,1.0,1
0,1.0,05-09,0.0,1
0,1.1429,05-10,0.0,1
0,1.2857,05-11,6.0,1
0,1.4286,05-12,2.0,1
0,1.5714,05-13,0.0,1
0,1.7143,05-14,2.0,1
0,1.8571,05-15,5.0,1
0,2.0,05-16,0.0,1
0,2.1429,05-17,1.0,1
0,2.2857,05-18,0.0,1
0,2.4286,05-19,1.0,1
0,2.5714,05-20,80.0,1
0,2.7143,05-21,8.0,1
0,2.8571,05-22,11.0,1
0,3.0,05-23,6.0,1
0,3.1429,05-24,1.0,1
0,3.2857,05-25,5.0,1
0,3.4286,05-26,8.0,1
0,3.5714,05-27,16.0,1
0,3.7143,05-28,48.0,1
0,3.8571,05-29,27.0,1
0,4.0,05-30,6.0,1
0,4.1429,05-31,1.0,1
0,4.2857,06-01,34.0,1
0,4.4286,06-02,20.0,1
0,4.5714,06-03,26.0,1
0,4.7143,06-04,20.0,1
0,4.8571,06-05,48.0,1
0,5.0,06-06,37.0,2
0,5.1429,06-07,5.0,2
0,5.2857,06-08,5.0,2
0,5.4286,06-09,11.0,2
0,5.5714,06-10,11.0,2
0,5.7143,06-11,13.0,2
0,5.8571,06-12,3.0,2
0,6.0,06-13,9.0,1
0,6.1429,06-14,3.0,1
0,6.2857,06-15,76.0,1
0,6.4286,06-16,81.0,1
0,6.5714,06-17,25.0,1
0,6.7143,06-18,29.0,1
0,6.8571,06-19,19.0,1
0,7.0,06-20,3.0,1
0,7.1429,06-21,8.0,1
0,7.2857,06-22,19.0,1
0,7.4286,06-23,33.0,1
0,7.5714,06-24,26.0,1
0,7.7143,06-25,12.0,1
0,7.8571,06-26,37.0,1
0,8.0,06-27,17.0,1
0,8.1429,06-28,1.0,1
0,8.2857,06-29,7.0,1
0,8.4286,06-30,30.0,1
0,8.5714,07-01,11.0,1
0,8.7143,07-02,8.0,1
0,8.8571,07-03,9.0,1
0,9.0,07-04,55.0,1
0,9.1429,07-05,8.0,1
0,9.2857,07-06,13.0,1
0,9.4286,07-07,18.0,1
0,9.5714,07-08,4.0,1
0,9.7143,07-09,18.0,1
0,9.8571,07-10,8.0,1
0,10.0,07-11,13.0,2
0,10.1429,07-12,2.0,2
0,10.2857,07-13,14.0,2
0,10.4286,07-14,15.0,2
0,10.5714,07-15,35.0,2
0,10.7143,07-16,34.0,2
0,10.8571,07-17,33.0,2
0,11.0,07-18,11.0,1
0,11.1429,07-19,1.0,1
0,11.2857,07-20,2.0,1
0,11.4286,07-21,69.0,1
0,11.5714,07-22,90.0,1
0,11.7143,07-23,77.0,1
0,11.8571,07-24,71.0,1
0,12.0,07-25,65.0,1
0,12.1429,07-26,2.0,1
0,12.2857,07-27,-4.0,1
0,12.4286,07-28,23.0,1
0,12.5714,07-29,43.0,1
0,12.7143,07-30,26.0,1
0,12.8571,07-31,9.0,1
0,13.0,08-01,64.0,1
0,13.1429,08-02,-2.0,1
0,13.2857,08-03,1.0,1
0,13.4286,08-04,91.0,1
0,13.5714,08-05,106.0,1
0,13.7143,08-06,58.0,1
0,13.8571,08-07,6.0,1
0,14.0,08-08,74.0,1
0,14.1429,08-09,3.0,1
0,14.2857,08-10,1.0,1
0,14.4286,08-11,75.0,1
0,14.5714,08-12,110.0,1
0,14.7143,08-13,89.0,1
0,14.8571,08-14,100.0,1
0,15.0,08-15,24.0,1
0,15.1429,08-16,15.0,1
0,15.2857,08-17,1.0,1
0,15.4286,08-18,57.0,1
0,15.5714,08-19,46.0,1
0,15.7143,08-20,4.0,1
0,15.8571,08-21,5.0,1
1,0.0,05-02,0.0,0
1,0.1429,05-03,0.0,0
1,0.2857,05-04,1.0,0
1,0.4286,05-05,12.0,0
1,0.5714,05-06,1.0,0
1,0.7143,05-07,0.0,0
1,0.8571,05-08,7.0,0
1,1.0,05-09,-1.0,1
1,1.1429,05-10,2.0,1
1,1.2857,05-11,3.0,1
1,1.4286,05-12,0.0,1
1,1.5714,05-13,0.0,1
1,1.7143,05-14,1.0,1
1,1.8571,05-15,11.0,1
1,2.0,05-16,2.0,0
1,2.1429,05-17,0.0,0
1,2.2857,05-18,0.0,0
1,2.4286,05-19,1.0,0
1,2.5714,05-20,32.0,0
1,2.7143,05-21,4.0,0
1,2.8571,05-22,4.0,0
1,3.0,05-23,1.0,1
1,3.1429,05-24,0.0,1
1,3.2857,05-25,-1.0,1
1,3.4286,05-26,10.0,1
1,3.5714,05-27,7.0,1
1,3.7143,05-28,14.0,1
1,3.8571,05-29,7.0,1
1,4.0,05-30,1.0,1
1,4.1429,05-31,8.0,1
1,4.2857,06-01,0.0,1
1,4.4286,06-02,5.0,1
1,4.5714,06-03,19.0,1
1,4.7143,06-04,3.0,1
1,4.8571,06-05,6.0,1
1,5.0,06-06,4.0,2
1,5.1429,06-07,1.0,2
1,5.2857,06-08,0.0,2
1,5.4286,06-09,22.0,2
1,5.5714,06-10,21.0,2
1,5.7143,06-11,4.0,2
1,5.8571,06-12,12.0,2
1,6.0,06-13,3.0,1
1,6.1429,06-14,0.0,1
1,6.2857,06-15,8.0,1
1,6.4286,06-16,18.0,1
1,6.5714,06-17,19.0,1
1,6.7143,06-18,27.0,1
1,6.8571,06-19,21.0,1
1,7.0,06-20,5.0,1
1,7.1429,06-21,14.0,1
1,7.2857,06-22,2.0,1
1,7.4286,06-23,24.0,1
1,7.5714,06-24,43.0,1
1,7.7143,06-25,27.0,1
1,7.8571,06-26,28.0,1
1,8.0,06-27,9.0,1
1,8.1429,06-28,2.0,1
1,8.2857,06-29,5.0,1
1,8.4286,06-30,48.0,1
1,8.5714,07-01,39.0,1
1,8.7143,07-02,13.0,1
1,8.8571,07-03,16.0,1
1,9.0,07-04,17.0,1
1,9.1429,07-05,5.0,1
1,9.2857,07-06,3.0,1
1,9.4286,07-07,19.0,1
1,9.5714,07-08,33.0,1
1,9.7143,07-09,19.0,1
1,9.8571,07-10,26.0,1
1,10.0,07-11,22.0,2
1,10.1429,07-12,0.0,2
1,10.2857,07-13,1.0,2
1,10.4286,07-14,28.0,2
1,10.5714,07-15,24.0,2
1,10.7143,07-16,35.0,2
1,10.8571,07-17,29.0,2
1,11.0,07-18,8.0,1
1,11.1429,07-19,0.0,1
1,11.2857,07-20,1.0,1
1,11.4286,07-21,62.0,1
1,11.5714,07-22,72.0,1
1,11.7143,07-23,61.0,1
1,11.8571,07-24,68.0,1
1,12.0,07-25,46.0,1
1,12.1429,07-26,1.0,1
1,12.2857,07-27,4.0,1
1,12.4286,07-28,53.0,1
1,12.5714,07-29,44.0,1
1,12.7143,07-30,70.0,1
1,12.8571,07-31,3.0,1
1,13.0,08-01,108.0,1
1,13.1429,08-02,-2.0,1
1,13.2857,08-03,25.0,1
1,13.4286,08-04,68.0,1
1,13.5714,08-05,122.0,1
1,13.7143,08-06,51.0,1
1,13.8571,08-07,13.0,1
1,14.0,08-08,125.0,2
1,14.1429,08-09,1.0,2
1,14.2857,08-10,0.0,2
1,14.4286,08-11,84.0,2
1,14.5714,08-12,106.0,2
1,14.7143,08-13,101.0,2
1,14.8571,08-14,62.0,2
1,15.0,08-15,49.0,1
1,15.1429,08-16,27.0,1
1,15.2857,08-17,2.0,1
1,15.4286,08-18,78.0,1
1,15.5714,08-19,93.0,1
1,15.7143,08-20,0.0,1
1,15.8571,08-21,6.0,1
2,0.0,05-02,0.0,1
2,0.1429,05-03,0.0,1
2,0.2857,05-04,3.0,1
2,0.4286,05-05,22.0,1
2,0.5714,05-06,0.0,1
2,0.7143,05-07,0.0,1
2,0.8571,05-08,11.0,1
2,1.0,05-09,0.0,1
2,1.1429,05-10,0.0,1
2,1.2857,05-11,2.0,1
2,1.4286,05-12,3.0,1
2,1.5714,05-13,3.0,1
2,1.7143,05-14,1.0,1
2,1.8571,05-15,13.0,1
2,2.0,05-16,1.0,0
2,2.1429,05-17,-1.0,0
2,2.2857,05-18,0.0,0
2,2.4286,05-19,2.0,0
2,2.5714,05-20,21.0,0
2,2.7143,05-21,13.0,0
2,2.8571,05-22,1.0,0
2,3.0,05-23,4.0,1
2,3.1429,05-24,6.0,1
2,3.2857,05-25,0.0,1
2,3.4286,05-26,4.0,1
2,3.5714,05-27,1.0,1
2,3.7143,05-28,10.0,1
2,3.8571,05-29,24.0,1
2,4.0,05-30,14.0,1
2,4.1429,05-31,3.0,1
2,4.2857,06-01,6.0,1
2,4.4286,06-02,1.0,1
2,4.5714,06-03,6.0,1
2,4.7143,06-04,5.0,1
2,4.8571,06-05,13.0,1
2,5.0,06-06,13.0,1
2,5.1429,06-07,5.0,1
2,5.2857,06-08,3.0,1
2,5.4286,06-09,10.0,1
2,5.5714,06-10,15.0,1
2,5.7143,06-11,14.0,1
2,5.8571,06-12,10.0,1
2,6.0,06-13,5.0,2
2,6.1429,06-14,0.0,2
2,6.2857,06-15,18.0,2
2,6.4286,06-16,17.0,2
2,6.5714,06-17,17.0,2
2,6.7143,06-18,18.0,2
2,6.8571,06-19,20.0,2
2,7.0,06-20,19.0,2
2,7.1429,06-21,38.0,2
2,7.2857,06-22,13.0,2
2,7.4286,06-23,34.0,2
2,7.5714,06-24,46.0,2
2,7.7143,06-25,22.0,2
2,7.8571,06-26,24.0,2
2,8.0,06-27,40.0,2
2,8.1429,06-28,22.0,2
2,8.2857,06-29,25.0,2
2,8.4286,06-30,46.0,2
2,8.5714,07-01,28.0,2
2,8.7143,07-02,20.0,2
2,8.8571,07-03,38.0,2
2,9.0,07-04,67.0,2
2,9.1429,07-05,7.0,2
2,9.2857,07-06,18.0,2
2,9.4286,07-07,40.0,2
2,9.5714,07-08,36.0,2
2,9.7143,07-09,41.0,2
2,9.8571,07-10,30.0,2
2,10.0,07-11,71.0,2
2,10.1429,07-12,21.0,2
2,10.2857,07-13,7.0,2
2,10.4286,07-14,37.0,2
2,10.5714,07-15,58.0,2
2,10.7143,07-16,53.0,2
2,10.8571,07-17,20.0,2
2,11.0,07-18,3.0,2
2,11.1429,07-19,6.0,2
2,11.2857,07-20,2.0,2
2,11.4286,07-21,134.0,2
2,11.5714,07-22,68.0,2
2,11.7143,07-23,80.0,2
2,11.8571,07-24,83.0,2
2,12.0,07-25,107.0,1
2,12.1429,07-26,25.0,1
2,12.2857,07-27,9.0,1
2,12.4286,07-28,99.0,1
2,12.5714,07-29,112.0,1
2,12.7143,07-30,84.0,1
2,12.8571,07-31,6.0,1
2,13.0,08-01,170.0,2
2,13.1429,08-02,7.0,2
2,13.2857,08-03,9.0,2
2,13.4286,08-04,98.0,2
2,13.5714,08-05,115.0,2
2,13.7143,08-06,82.0,2
2,13.8571,08-07,9.0,2
2,14.0,08-08,121.0,2
2,14.1429,08-09,13.0,2
2,14.2857,08-10,3.0,2
2,14.4286,08-11,118.0,2
2,14.5714,08-12,61.0,2
2,14.7143,08-13,141.0,2
2,14.8571,08-14,92.0,2
2,15.0,08-15,104.0,2
2,15.1429,08-16,17.0,2
2,15.2857,08-17,0.0,2
2,15.4286,08-18,105.0,2
2,15.5714,08-19,133.0,2
2,15.7143,08-20,1.0,2
2,15.8571,08-21,3.0,2
3,0.0,05-02,0.0,0
3,0.1429,05-03,0.0,0
3,0.2857,05-04,0.0,0
3,0.4286,05-05,0.0,0
3,0.5714,05-06,1.0,0
3,0.7143,05-07,2.0,0
3,0.8571,05-08,0.0,0
3,1.0,05-09,0.0,0
3,1.1429,05-10,0.0,0
3,1.2857,05-11,0.0,0
3,1.4286,05-12,0.0,0
3,1.5714,05-13,0.0,0
3,1.7143,05-14,0.0,0
3,1.8571,05-15,0.0,0
3,2.0,05-16,0.0,0
3,2.1429,05-17,0.0,0
3,2.2857,05-18,0.0,0
3,2.4286,05-19,0.0,0
3,2.5714,05-20,4.0,0
3,2.7143,05-21,1.0,0
3,2.8571,05-22,1.0,0
3,3.0,05-23,1.0,0
3,3.1429,05-24,1.0,0
3,3.2857,05-25,0.0,0
3,3.4286,05-26,0.0,0
3,3.5714,05-27,0.0,0
3,3.7143,05-28,3.0,0
3,3.8571,05-29,4.0,0
3,4.0,05-30,3.0,0
3,4.1429,05-31,0.0,0
3,4.2857,06-01,1.0,0
3,4.4286,06-02,3.0,0
3,4.5714,06-03,0.0,0
3,4.7143,06-04,1.0,0
3,4.8571,06-05,3.0,0
3,5.0,06-06,2.0,0
3,5.1429,06-07,1.0,0
3,5.2857,06-08,2.0,0
3,5.4286,06-09,4.0,0
3,5.5714,06-10,3.0,0
3,5.7143,06-11,2.0,0
3,5.8571,06-12,0.0,0
3,6.0,06-13,0.0,0
3,6.1429,06-14,0.0,0
3,6.2857,06-15,7.0,0
3,6.4286,06-16,3.0,0
3,6.5714,06-17,3.0,0
3,6.7143,06-18,2.0,0
3,6.8571,06-19,5.0,0
3,7.0,06-20,2.0,0
3,7.1429,06-21,0.0,0
3,7.2857,06-22,2.0,0
3,7.4286,06-23,5.0,0
3,7.5714,06-24,5.0,0
3,7.7143,06-25,7.0,0
3,7.8571,06-26,1.0,0
3,8.0,06-27,13.0,2
3,8.1429,06-28,0.0,2
3,8.2857,06-29,12.0,2
3,8.4286,06-30,8.0,2
3,8.5714,07-01,12.0,2
3,8.7143,07-02,13.0,2
3,8.8571,07-03,18.0,2
3,9.0,07-04,11.0,2
3,9.1429,07-05,4.0,2
3,9.2857,07-06,4.0,2
3,9.4286,07-07,40.0,2
3,9.5714,07-08,28.0,2
3,9.7143,07-09,11.0,2
3,9.8571,07-10,25.0,2
3,10.0,07-11,31.0,2
3,10.1429,07-12,2.0,2
3,10.2857,07-13,0.0,2
3,10.4286,07-14,14.0,2
3,10.5714,07-15,23.0,2
3,10.7143,07-16,22.0,2
3,10.8571,07-17,13.0,2
3,11.0,07-18,4.0,2
3,11.1429,07-19,0.0,2
3,11.2857,07-20,0.0,2
3,11.4286,07-21,94.0,2
3,11.5714,07-22,110.0,2
3,11.7143,07-23,44.0,2
3,11.8571,07-24,51.0,2
3,12.0,07-25,39.0,2
3,12.1429,07-26,9.0,2
3,12.2857,07-27,11.0,2
3,12.4286,07-28,107.0,2
3,12.5714,07-29,42.0,2
3,12.7143,07-30,120.0,2
3,12.8571,07-31,5.0,2
3,13.0,08-01,131.0,2
3,13.1429,08-02,1.0,2
3,13.2857,08-03,1.0,2
3,13.4286,08-04,73.0,2
3,13.5714,08-05,117.0,2
3,13.7143,08-06,74.0,2
3,13.8571,08-07,5.0,2
3,14.0,08-08,206.0,2
3,14.1429,08-09,2.0,2
3,14.2857,08-10,0.0,2
3,14.4286,08-11,139.0,2
3,14.5714,08-12,79.0,2
3,14.7143,08-13,174.0,2
3,14.8571,08-14,116.0,2
3,15.0,08-15,68.0,2
3,15.1429,08-16,16.0,2
3,15.2857,08-17,0.0,2
3,15.4286,08-18,157.0,2
3,15.5714,08-19,38.0,2
3,15.7143,08-20,2.0,2
3,15.8571,08-21,5.0,2
4,0.0,05-02,0.0,1
4,0.1429,05-03,0.0,1
4,0.2857,05-04,4.0,1
4,0.4286,05-05,11.0,1
4,0.5714,05-06,4.0,1
4,0.7143,05-07,5.0,1
4,0.8571,05-08,15.0,1
4,1.0,05-09,0.0,1
4,1.1429,05-10,0.0,1
4,1.2857,05-11,42.0,1
4,1.4286,05-12,4.0,1
4,1.5714,05-13,5.0,1
4,1.7143,05-14,7.0,1
4,1.8571,05-15,24.0,1
4,2.0,05-16,0.0,1
4,2.1429,05-17,0.0,1
4,2.2857,05-18,0.0,1
4,2.4286,05-19,5.0,1
4,2.5714,05-20,67.0,1
4,2.7143,05-21,12.0,1
4,2.8571,05-22,5.0,1
4,3.0,05-23,22.0,1
4,3.1429,05-24,1.0,1
4,3.2857,05-25,6.0,1
4,3.4286,05-26,23.0,1
4,3.5714,05-27,4.0,1
4,3.7143,05-28,43.0,1
4,3.8571,05-29,27.0,1
4,4.0,05-30,11.0,1
4,4.1429,05-31,1.0,1
4,4.2857,06-01,5.0,1
4,4.4286,06-02,30.0,1
4,4.5714,06-03,29.0,1
4,4.7143,06-04,24.0,1
4,4.8571,06-05,18.0,1
4,5.0,06-06,36.0,1
4,5.1429,06-07,2.0,1
4,5.2857,06-08,6.0,1
4,5.4286,06-09,57.0,1
4,5.5714,06-10,18.0,1
4,5.7143,06-11,29.0,1
4,5.8571,06-12,6.0,1
4,6.0,06-13,22.0,2
4,6.1429,06-14,2.0,2
4,6.2857,06-15,78.0,2
4,6.4286,06-16,60.0,2
4,6.5714,06-17,59.0,2
4,6.7143,06-18,78.0,2
4,6.8571,06-19,105.0,2
4,7.0,06-20,100.0,2
4,7.1429,06-21,16.0,2
4,7.2857,06-22,49.0,2
4,7.4286,06-23,116.0,2
4,7.5714,06-24,139.0,2
4,7.7143,06-25,127.0,2
4,7.8571,06-26,100.0,2
4,8.0,06-27,133.0,2
4,8.1429,06-28,15.0,2
4,8.2857,06-29,57.0,2
4,8.4286,06-30,250.0,2
4,8.5714,07-01,125.0,2
4,8.7143,07-02,155.0,2
4,8.8571,07-03,163.0,2
4,9.0,07-04,112.0,2
4,9.1429,07-05,31.0,2
4,9.2857,07-06,105.0,2
4,9.4286,07-07,168.0,2
4,9.5714,07-08,193.0,2
4,9.7143,07-09,125.0,2
4,9.8571,07-10,222.0,2
4,10.0,07-11,183.0,2
4,10.1429,07-12,5.0,2
4,10.2857,07-13,39.0,2
4,10.4286,07-14,240.0,2
4,10.5714,07-15,94.0,2
4,10.7143,07-16,169.0,2
4,10.8571,07-17,78.0,2
4,11.0,07-18,9.0,2
4,11.1429,07-19,2.0,2
4,11.2857,07-20,14.0,2
4,11.4286,07-21,183.0,2
4,11.5714,07-22,578.0,2
4,11.7143,07-23,199.0,2
4,11.8571,07-24,218.0,2
4,12.0,07-25,336.0,2
4,12.1429,07-26,36.0,2
4,12.2857,07-27,57.0,2
4,12.4286,07-28,329.0,2
4,12.5714,07-29,389.0,2
4,12.7143,07-30,312.0,2
4,12.8571,07-31,18.0,2
4,13.0,08-01,648.0,2
4,13.1429,08-02,-12.0,2
4,13.2857,08-03,8.0,2
4,13.4286,08-04,223.0,2
4,13.5714,08-05,373.0,2
4,13.7143,08-06,245.0,2
4,13.8571,08-07,10.0,2
4,14.0,08-08,657.0,2
4,14.1429,08-09,5.0,2
4,14.2857,08-10,1.0,2
4,14.4286,08-11,628.0,2
4,14.5714,08-12,227.0,2
4,14.7143,08-13,318.0,2
4,14.8571,08-14,360.0,2
4,15.0,08-15,225.0,2
4,15.1429,08-16,10.0,2
4,15.2857,08-17,4.0,2
4,15.4286,08-18,456.0,2
4,15.5714,08-19,196.0,2
4,15.7143,08-20,21.0,2
4,15.8571,08-21,14.0,2
5,0.0,05-02,1.0,1
5,0.1429,05-03,0.0,1
5,0.2857,05-04,1.0,1
5,0.4286,05-05,12.0,1
5,0.5714,05-06,4.0,1
5,0.7143,05-07,8.0,1
5,0.8571,05-08,3.0,1
5,1.0,05-09,2.0,1
5,1.1429,05-10,0.0,1
5,1.2857,05-11,12.0,1
5,1.4286,05-12,4.0,1
5,1.5714,05-13,6.0,1
5,1.7143,05-14,5.0,1
5,1.8571,05-15,21.0,1
5,2.0,05-16,-1.0,1
5,2.1429,05-17,1.0,1
5,2.2857,05-18,2.0,1
5,2.4286,05-19,7.0,1
5,2.5714,05-20,25.0,1
5,2.7143,05-21,15.0,1
5,2.8571,05-22,18.0,1
5,3.0,05-23,13.0,1
5,3.1429,05-24,7.0,1
5,3.2857,05-25,3.0,1
5,3.4286,05-26,21.0,1
5,3.5714,05-27,7.0,1
5,3.7143,05-28,62.0,1
5,3.8571,05-29,49.0,1
5,4.0,05-30,15.0,1
5,4.1429,05-31,2.0,1
5,4.2857,06-01,0.0,1
5,4.4286,06-02,20.0,1
5,4.5714,06-03,32.0,1
5,4.7143,06-04,34.0,1
5,4.8571,06-05,30.0,1
5,5.0,06-06,22.0,1
5,5.1429,06-07,8.0,1
5,5.2857,06-08,4.0,1
5,5.4286,06-09,18.0,1
5,5.5714,06-10,39.0,1
5,5.7143,06-11,23.0,1
5,5.8571,06-12,8.0,1
5,6.0,06-13,1.0,2
5,6.1429,06-14,0.0,2
5,6.2857,06-15,45.0,2
5,6.4286,06-16,43.0,2
5,6.5714,06-17,46.0,2
5,6.7143,06-18,34.0,2
5,6.8571,06-19,63.0,2
5,7.0,06-20,30.0,2
5,7.1429,06-21,31.0,2
5,7.2857,06-22,39.0,2
5,7.4286,06-23,58.0,2
5,7.5714,06-24,65.0,2
5,7.7143,06-25,55.0,2
5,7.8571,06-26,98.0,2
5,8.0,06-27,80.0,2
5,8.1429,06-28,30.0,2
5,8.2857,06-29,14.0,2
5,8.4286,06-30,87.0,2
5,8.5714,07-01,110.0,2
5,8.7143,07-02,120.0,2
5,8.8571,07-03,70.0,2
5,9.0,07-04,115.0,2
5,9.1429,07-05,6.0,2
5,9.2857,07-06,34.0,2
5,9.4286,07-07,127.0,2
5,9.5714,07-08,98.0,2
5,9.7143,07-09,45.0,2
5,9.8571,07-10,91.0,2
5,10.0,07-11,109.0,2
5,10.1429,07-12,2.0,2
5,10.2857,07-13,38.0,2
5,10.4286,07-14,112.0,2
5,10.5714,07-15,67.0,2
5,10.7143,07-16,188.0,2
5,10.8571,07-17,119.0,2
5,11.0,07-18,7.0,2
5,11.1429,07-19,36.0,2
5,11.2857,07-20,31.0,2
5,11.4286,07-21,106.0,2
5,11.5714,07-22,225.0,2
5,11.7143,07-23,137.0,2
5,11.8571,07-24,190.0,2
5,12.0,07-25,80.0,2
5,12.1429,07-26,28.0,2
5,12.2857,07-27,21.0,2
5,12.4286,07-28,192.0,2
5,12.5714,07-29,144.0,2
5,12.7143,07-30,124.0,2
5,12.8571,07-31,24.0,2
5,13.0,08-01,259.0,2
5,13.1429,08-02,1.0,2
5,13.2857,08-03,19.0,2
5,13.4286,08-04,244.0,2
5,13.5714,08-05,146.0,2
5,13.7143,08-06,185.0,2
5,13.8571,08-07,21.0,2
5,14.0,08-08,674.0,2
5,14.1429,08-09,27.0,2
5,14.2857,08-10,7.0,2
5,14.4286,08-11,506.0,2
5,14.5714,08-12,282.0,2
5,14.7143,08-13,165.0,2
5,14.8571,08-14,211.0,2
5,15.0,08-15,226.0,2
5,15.1429,08-16,26.0,2
5,15.2857,08-17,17.0,2
5,15.4286,08-18,368.0,2
5,15.5714,08-19,156.0,2
5,15.7143,08-20,14.0,2
5,15.8571,08-21,25.0,2
6,0.0,05-02,0.0,1
6,0.1429,05-03,0.0,1
6,0.2857,05-04,1.0,1
6,0.4286,05-05,4.0,1
6,0.5714,05-06,-2.0,1
6,0.7143,05-07,0.0,1
6,0.8571,05-08,2.0,1
6,1.0,05-09,1.0,1
6,1.1429,05-10,1.0,1
6,1.2857,05-11,4.0,1
6,1.4286,05-12,3.0,1
6,1.5714,05-13,4.0,1
6,1.7143,05-14,1.0,1
6,1.8571,05-15,9.0,1
6,2.0,05-16,0.0,1
6,2.1429,05-17,1.0,1
6,2.2857,05-18,0.0,1
6,2.4286,05-19,0.0,1
6,2.5714,05-20,19.0,1
6,2.7143,05-21,1.0,1
6,2.8571,05-22,7.0,1
6,3.0,05-23,4.0,1
6,3.1429,05-24,0.0,1
6,3.2857,05-25,4.0,1
6,3.4286,05-26,5.0,1
6,3.5714,05-27,0.0,1
6,3.7143,05-28,25.0,1
6,3.8571,05-29,14.0,1
6,4.0,05-30,8.0,1
6,4.1429,05-31,1.0,1
6,4.2857,06-01,1.0,1
6,4.4286,06-02,2.0,1
6,4.5714,06-03,5.0,1
6,4.7143,06-04,6.0,1
6,4.8571,06-05,5.0,1
6,5.0,06-06,10.0,1
6,5.1429,06-07,0.0,1
6,5.2857,06-08,1.0,1
6,5.4286,06-09,5.0,1
6,5.5714,06-10,20.0,1
6,5.7143,06-11,10.0,1
6,5.8571,06-12,1.0,1
6,6.0,06-13,-1.0,2
6,6.1429,06-14,2.0,2
6,6.2857,06-15,13.0,2
6,6.4286,06-16,15.0,2
6,6.5714,06-17,4.0,2
6,6.7143,06-18,9.0,2
6,6.8571,06-19,21.0,2
6,7.0,06-20,14.0,2
6,7.1429,06-21,0.0,2
6,7.2857,06-22,14.0,2
6,7.4286,06-23,22.0,2
6,7.5714,06-24,34.0,2
6,7.7143,06-25,15.0,2
6,7.8571,06-26,30.0,2
6,8.0,06-27,16.0,2
6,8.1429,06-28,1.0,2
6,8.2857,06-29,5.0,2
6,8.4286,06-30,56.0,2
6,8.5714,07-01,47.0,2
6,8.7143,07-02,49.0,2
6,8.8571,07-03,65.0,2
6,9.0,07-04,27.0,2
6,9.1429,07-05,6.0,2
6,9.2857,07-06,0.0,2
6,9.4286,07-07,35.0,2
6,9.5714,07-08,49.0,2
6,9.7143,07-09,15.0,2
6,9.8571,07-10,39.0,2
6,10.0,07-11,80.0,2
6,10.1429,07-12,3.0,2
6,10.2857,07-13,5.0,2
6,10.4286,07-14,31.0,2
6,10.5714,07-15,40.0,2
6,10.7143,07-16,56.0,2
6,10.8571,07-17,28.0,2
6,11.0,07-18,4.0,2
6,11.1429,07-19,9.0,2
6,11.2857,07-20,12.0,2
6,11.4286,07-21,47.0,2
6,11.5714,07-22,113.0,2
6,11.7143,07-23,54.0,2
6,11.8571,07-24,38.0,2
6,12.0,07-25,74.0,2
6,12.1429,07-26,11.0,2
6,12.2857,07-27,8.0,2
6,12.4286,07-28,52.0,2
6,12.5714,07-29,90.0,2
6,12.7143,07-30,95.0,2
6,12.8571,07-31,6.0,2
6,13.0,08-01,134.0,1
6,13.1429,08-02,-2.0,1
6,13.2857,08-03,9.0,1
6,13.4286,08-04,53.0,1
6,13.5714,08-05,69.0,1
6,13.7143,08-06,31.0,1
6,13.8571,08-07,6.0,1
6,14.0,08-08,252.0,2
6,14.1429,08-09,4.0,2
6,14.2857,08-10,0.0,2
6,14.4286,08-11,91.0,2
6,14.5714,08-12,59.0,2
6,14.7143,08-13,82.0,2
6,14.8571,08-14,63.0,2
6,15.0,08-15,78.0,1
6,15.1429,08-16,3.0,1
6,15.2857,08-17,3.0,1
6,15.4286,08-18,168.0,1
6,15.5714,08-19,245.0,1
6,15.7143,08-20,4.0,1
6,15.8571,08-21,5.0,1
7,0.0,05-02,-1.0,1
7,0.1429,05-03,6.0,1
7,0.2857,05-04,6.0,1
7,0.4286,05-05,8.0,1
7,0.5714,05-06,15.0,1
7,0.7143,05-07,4.0,1
7,0.8571,05-08,21.0,1
7,1.0,05-09,11.0,1
7,1.1429,05-10,2.0,1
7,1.2857,05-11,28.0,1
7,1.4286,05-12,21.0,1
7,1.5714,05-13,23.0,1
7,1.7143,05-14,14.0,1
7,1.8571,05-15,35.0,1
7,2.0,05-16,1.0,1
7,2.1429,05-17,6.0,1
7,2.2857,05-18,2.0,1
7,2.4286,05-19,3.0,1
7,2.5714,05-20,21.0,1
7,2.7143,05-21,4.0,1
7,2.8571,05-22,11.0,1
7,3.0,05-23,4.0,1
7,3.1429,05-24,1.0,1
7,3.2857,05-25,2.0,1
7,3.4286,05-26,11.0,1
7,3.5714,05-27,8.0,1
7,3.7143,05-28,26.0,1
7,3.8571,05-29,56.0,1
7,4.0,05-30,118.0,1
7,4.1429,05-31,15.0,1
7,4.2857,06-01,10.0,1
7,4.4286,06-02,22.0,1
7,4.5714,06-03,49.0,1
7,4.7143,06-04,191.0,1
7,4.8571,06-05,145.0,1
7,5.0,06-06,70.0,1
7,5.1429,06-07,32.0,1
7,5.2857,06-08,5.0,1
7,5.4286,06-09,23.0,1
7,5.5714,06-10,131.0,1
7,5.7143,06-11,81.0,1
7,5.8571,06-12,12.0,1
7,6.0,06-13,50.0,2
7,6.1429,06-14,10.0,2
7,6.2857,06-15,66.0,2
7,6.4286,06-16,221.0,2
7,6.5714,06-17,88.0,2
7,6.7143,06-18,69.0,2
7,6.8571,06-19,117.0,2
7,7.0,06-20,60.0,2
7,7.1429,06-21,8.0,2
7,7.2857,06-22,33.0,2
7,7.4286,06-23,247.0,2
7,7.5714,06-24,308.0,2
7,7.7143,06-25,246.0,2
7,7.8571,06-26,172.0,2
7,8.0,06-27,112.0,2
7,8.1429,06-28,27.0,2
7,8.2857,06-29,49.0,2
7,8.4286,06-30,182.0,2
7,8.5714,07-01,172.0,2
7,8.7143,07-02,194.0,2
7,8.8571,07-03,222.0,2
7,9.0,07-04,252.0,2
7,9.1429,07-05,150.0,2
7,9.2857,07-06,71.0,2
7,9.4286,07-07,396.0,2
7,9.5714,07-08,420.0,2
7,9.7143,07-09,164.0,2
7,9.8571,07-10,123.0,2
7,10.0,07-11,221.0,2
7,10.1429,07-12,97.0,2
7,10.2857,07-13,75.0,2
7,10.4286,07-14,268.0,2
7,10.5714,07-15,208.0,2
7,10.7143,07-16,1921.0,2
7,10.8571,07-17,404.0,2
7,11.0,07-18,52.0,2
7,11.1429,07-19,172.0,2
7,11.2857,07-20,248.0,2
7,11.4286,07-21,468.0,2
7,11.5714,07-22,395.0,2
7,11.7143,07-23,354.0,2
7,11.8571,07-24,370.0,2
7,12.0,07-25,463.0,2
7,12.1429,07-26,195.0,2
7,12.2857,07-27,48.0,2
7,12.4286,07-28,211.0,2
7,12.5714,07-29,379.0,2
7,12.7143,07-30,287.0,2
7,12.8571,07-31,70.0,2
7,13.0,08-01,511.0,2
7,13.1429,08-02,61.0,2
7,13.2857,08-03,71.0,2
7,13.4286,08-04,177.0,2
7,13.5714,08-05,654.0,2
7,13.7143,08-06,455.0,2
7,13.8571,08-07,60.0,2
7,14.0,08-08,499.0,2
7,14.1429,08-09,69.0,2
7,14.2857,08-10,9.0,2
7,14.4286,08-11,366.0,2
7,14.5714,08-12,383.0,2
7,14.7143,08-13,378.0,2
7,14.8571,08-14,399.0,2
7,15.0,08-15,401.0,2
7,15.1429,08-16,47.0,2
7,15.2857,08-17,75.0,2
7,15.4286,08-18,520.0,2
7,15.5714,08-19,499.0,2
7,15.7143,08-20,56.0,2
7,15.8571,08-21,92.0,2
8,0.0,05-02,1.0,1
8,0.1429,05-03,1.0,1
8,0.2857,05-04,2.0,1
8,0.4286,05-05,0.0,1
8,0.5714,05-06,0.0,1
8,0.7143,05-07,4.0,1
8,0.8571,05-08,0.0,1
8,1.0,05-09,0.0,1
8,1.1429,05-10,0.0,1
8,1.2857,05-11,3.0,1
8,1.4286,05-12,0.0,1
8,1.5714,05-13,2.0,1
8,1.7143,05-14,0.0,1
8,1.8571,05-15,5.0,1
8,2.0,05-16,0.0,1
8,2.1429,05-17,1.0,1
8,2.2857,05-18,1.0,1
8,2.4286,05-19,1.0,1
8,2.5714,05-20,4.0,1
8,2.7143,05-21,7.0,1
8,2.8571,05-22,3.0,1
8,3.0,05-23,7.0,1
8,3.1429,05-24,1.0,1
8,3.2857,05-25,0.0,1
8,3.4286,05-26,2.0,1
8,3.5714,05-27,5.0,1
8,3.7143,05-28,16.0,1
8,3.8571,05-29,14.0,1
8,4.0,05-30,8.0,1
8,4.1429,05-31,1.0,1
8,4.2857,06-01,1.0,1
8,4.4286,06-02,6.0,1
8,4.5714,06-03,0.0,1
8,4.7143,06-04,6.0,1
8,4.8571,06-05,8.0,1
8,5.0,06-06,5.0,2
8,5.1429,06-07,2.0,2
8,5.2857,06-08,0.0,2
8,5.4286,06-09,3.0,2
8,5.5714,06-10,10.0,2
8,5.7143,06-11,5.0,2
8,5.8571,06-12,20.0,2
8,6.0,06-13,5.0,1
8,6.1429,06-14,0.0,1
8,6.2857,06-15,17.0,1
8,6.4286,06-16,10.0,1
8,6.5714,06-17,10.0,1
8,6.7143,06-18,15.0,1
8,6.8571,06-19,7.0,1
8,7.0,06-20,11.0,2
8,7.1429,06-21,3.0,2
8,7.2857,06-22,8.0,2
8,7.4286,06-23,10.0,2
8,7.5714,06-24,7.0,2
8,7.7143,06-25,11.0,2
8,7.8571,06-26,24.0,2
8,8.0,06-27,7.0,1
8,8.1429,06-28,5.0,1
8,8.2857,06-29,13.0,1
8,8.4286,06-30,16.0,1
8,8.5714,07-01,9.0,1
8,8.7143,07-02,3.0,1
8,8.8571,07-03,35.0,1
8,9.0,07-04,27.0,2
8,9.1429,07-05,2.0,2
8,9.2857,07-06,3.0,2
8,9.4286,07-07,16.0,2
8,9.5714,07-08,25.0,2
8,9.7143,07-09,9.0,2
8,9.8571,07-10,4.0,2
8,10.0,07-11,6.0,2
8,10.1429,07-12,3.0,2
8,10.2857,07-13,1.0,2
8,10.4286,07-14,31.0,2
8,10.5714,07-15,6.0,2
8,10.7143,07-16,22.0,2
8,10.8571,07-17,9.0,2
8,11.0,07-18,3.0,1
8,11.1429,07-19,1.0,1
8,11.2857,07-20,0.0,1
8,11.4286,07-21,8.0,1
8,11.5714,07-22,31.0,1
8,11.7143,07-23,16.0,1
8,11.8571,07-24,17.0,1
8,12.0,07-25,10.0,1
8,12.1429,07-26,10.0,1
8,12.2857,07-27,1.0,1
8,12.4286,07-28,42.0,1
8,12.5714,07-29,21.0,1
8,12.7143,07-30,15.0,1
8,12.8571,07-31,1.0,1
8,13.0,08-01,92.0,1
8,13.1429,08-02,1.0,1
8,13.2857,08-03,2.0,1
8,13.4286,08-04,23.0,1
8,13.5714,08-05,23.0,1
8,13.7143,08-06,16.0,1
8,13.8571,08-07,3.0,1
8,14.0,08-08,65.0,2
8,14.1429,08-09,6.0,2
8,14.2857,08-10,3.0,2
8,14.4286,08-11,29.0,2
8,14.5714,08-12,15.0,2
8,14.7143,08-13,21.0,2
8,14.8571,08-14,30.0,2
8,15.0,08-15,23.0,2
8,15.1429,08-16,5.0,2
8,15.2857,08-17,3.0,2
8,15.4286,08-18,34.0,2
8,15.5714,08-19,85.0,2
8,15.7143,08-20,3.0,2
8,15.8571,08-21,8.0,2
9,0.0,05-02,0.0,1
9,0.1429,05-03,0.0,1
9,0.2857,05-04,3.0,1
9,0.4286,05-05,1.0,1
9,0.5714,05-06,2.0,1
9,0.7143,05-07,0.0,1
9,0.8571,05-08,10.0,1
9,1.0,05-09,0.0,1
9,1.1429,05-10,0.0,1
9,1.2857,05-11,5.0,1
9,1.4286,05-12,1.0,1
9,1.5714,05-13,0.0,1
9,1.7143,05-14,1.0,1
9,1.8571,05-15,5.0,1
9,2.0,05-16,0.0,1
9,2.1429,05-17,0.0,1
9,2.2857,05-18,0.0,1
9,2.4286,05-19,1.0,1
9,2.5714,05-20,9.0,1
9,2.7143,05-21,5.0,1
9,2.8571,05-22,3.0,1
9,3.0,05-23,3.0,1
9,3.1429,05-24,1.0,1
9,3.2857,05-25,1.0,1
9,3.4286,05-26,3.0,1
9,3.5714,05-27,5.0,1
9,3.7143,05-28,3.0,1
9,3.8571,05-29,4.0,1
9,4.0,05-30,9.0,1
9,4.1429,05-31,1.0,1
9,4.2857,06-01,5.0,1
9,4.4286,06-02,6.0,1
9,4.5714,06-03,5.0,1
9,4.7143,06-04,8.0,1
9,4.8571,06-05,4.0,1
9,5.0,06-06,6.0,1
9,5.1429,06-07,2.0,1
9,5.2857,06-08,2.0,1
9,5.4286,06-09,8.0,1
9,5.5714,06-10,6.0,1
9,5.7143,06-11,15.0,1
9,5.8571,06-12,1.0,1
9,6.0,06-13,3.0,1
9,6.1429,06-14,0.0,1
9,6.2857,06-15,4.0,1
9,6.4286,06-16,19.0,1
9,6.5714,06-17,13.0,1
9,6.7143,06-18,3.0,1
9,6.8571,06-19,7.0,1
9,7.0,06-20,2.0,1
9,7.1429,06-21,2.0,1
9,7.2857,06-22,6.0,1
9,7.4286,06-23,18.0,1
9,7.5714,06-24,15.0,1
9,7.7143,06-25,11.0,1
9,7.8571,06-26,12.0,1
9,8.0,06-27,24.0,1
9,8.1429,06-28,1.0,1
9,8.2857,06-29,14.0,1
9,8.4286,06-30,21.0,1
9,8.5714,07-01,10.0,1
9,8.7143,07-02,4.0,1
9,8.8571,07-03,17.0,1
9,9.0,07-04,12.0,2
9,9.1429,07-05,9.0,2
9,9.2857,07-06,3.0,2
9,9.4286,07-07,10.0,2
9,9.5714,07-08,21.0,2
9,9.7143,07-09,8.0,2
9,9.8571,07-10,29.0,2
9,10.0,07-11,22.0,2
9,10.1429,07-12,4.0,2
9,10.2857,07-13,1.0,2
9,10.4286,07-14,10.0,2
9,10.5714,07-15,20.0,2
9,10.7143,07-16,16.0,2
9,10.8571,07-17,11.0,2
9,11.0,07-18,1.0,1
9,11.1429,07-19,3.0,1
9,11.2857,07-20,1.0,1
9,11.4286,07-21,6.0,1
9,11.5714,07-22,60.0,1
9,11.7143,07-23,19.0,1
9,11.8571,07-24,10.0,1
9,12.0,07-25,18.0,1
9,12.1429,07-26,8.0,1
9,12.2857,07-27,2.0,1
9,12.4286,07-28,28.0,1
9,12.5714,07-29,7.0,1
9,12.7143,07-30,8.0,1
9,12.8571,07-31,-1.0,1
9,13.0,08-01,38.0,1
9,13.1429,08-02,8.0,1
9,13.2857,08-03,3.0,1
9,13.4286,08-04,18.0,1
9,13.5714,08-05,9.0,1
9,13.7143,08-06,4.0,1
9,13.8571,08-07,1.0,1
9,14.0,08-08,43.0,2
9,14.1429,08-09,8.0,2
9,14.2857,08-10,0.0,2
9,14.4286,08-11,34.0,2
9,14.5714,08-12,10.0,2
9,14.7143,08-13,21.0,2
9,14.8571,08-14,29.0,2
9,15.0,08-15,32.0,1
9,15.1429,08-16,14.0,1
9,15.2857,08-17,1.0,1
9,15.4286,08-18,39.0,1
9,15.5714,08-19,21.0,1
9,15.7143,08-20,3.0,1
9,15.8571,08-21,0.0,1
10,0.0,05-02,0.0,0
10,0.1429,05-03,0.0,0
10,0.2857,05-04,0.0,0
10,0.4286,05-05,0.0,0
10,0.5714,05-06,0.0,0
10,0.7143,05-07,0.0,0
10,0.8571,05-08,3.0,0
10,1.0,05-09,0.0,0
10,1.1429,05-10,0.0,0
10,1.2857,05-11,2.0,0
10,1.4286,05-12,0.0,0
10,1.5714,05-13,0.0,0
10,1.7143,05-14,0.0,0
10,1.8571,05-15,9.0,0
10,2.0,05-16,0.0,0
10,2.1429,05-17,0.0,0
10,2.2857,05-18,0.0,0
10,2.4286,05-19,0.0,0
10,2.5714,05-20,8.0,0
10,2.7143,05-21,3.0,0
10,2.8571,05-22,1.0,0
10,3.0,05-23,0.0,0
10,3.1429,05-24,0.0,0
10,3.2857,05-25,0.0,0
10,3.4286,05-26,1.0,0
10,3.5714,05-27,1.0,0
10,3.7143,05-28,5.0,0
10,3.8571,05-29,1.0,0
10,4.0,05-30,3.0,1
10,4.1429,05-31,0.0,1
10,4.2857,06-01,2.0,1
10,4.4286,06-02,4.0,1
10,4.5714,06-03,8.0,1
10,4.7143,06-04,2.0,1
10,4.8571,06-05,4.0,1
10,5.0,06-06,0.0,1
10,5.1429,06-07,0.0,1
10,5.2857,06-08,4.0,1
10,5.4286,06-09,10.0,1
10,5.5714,06-10,12.0,1
10,5.7143,06-11,13.0,1
10,5.8571,06-12,2.0,1
10,6.0,06-13,3.0,1
10,6.1429,06-14,0.0,1
10,6.2857,06-15,16.0,1
10,6.4286,06-16,13.0,1
10,6.5714,06-17,18.0,1
10,6.7143,06-18,10.0,1
10,6.8571,06-19,20.0,1
10,7.0,06-20,14.0,1
10,7.1429,06-21,6.0,1
10,7.2857,06-22,13.0,1
10,7.4286,06-23,6.0,1
10,7.5714,06-24,6.0,1
10,7.7143,06-25,16.0,1
10,7.8571,06-26,25.0,1
10,8.0,06-27,25.0,1
10,8.1429,06-28,12.0,1
10,8.2857,06-29,11.0,1
10,8.4286,06-30,10.0,1
10,8.5714,07-01,5.0,1
10,8.7143,07-02,12.0,1
10,8.8571,07-03,9.0,1
10,9.0,07-04,9.0,1
10,9.1429,07-05,29.0,1
10,9.2857,07-06,3.0,1
10,9.4286,07-07,8.0,1
10,9.5714,07-08,16.0,1
10,9.7143,07-09,4.0,1
10,9.8571,07-10,3.0,1
10,10.0,07-11,7.0,2
10,10.1429,07-12,2.0,2
10,10.2857,07-13,6.0,2
10,10.4286,07-14,11.0,2
10,10.5714,07-15,8.0,2
10,10.7143,07-16,3.0,2
10,10.8571,07-17,11.0,2
10,11.0,07-18,0.0,1
10,11.1429,07-19,3.0,1
10,11.2857,07-20,2.0,1
10,11.4286,07-21,12.0,1
10,11.5714,07-22,34.0,1
10,11.7143,07-23,35.0,1
10,11.8571,07-24,22.0,1
10,12.0,07-25,23.0,1
10,12.1429,07-26,9.0,1
10,12.2857,07-27,4.0,1
10,12.4286,07-28,24.0,1
10,12.5714,07-29,11.0,1
10,12.7143,07-30,34.0,1
10,12.8571,07-31,3.0,1
10,13.0,08-01,44.0,1
10,13.1429,08-02,20.0,1
10,13.2857,08-03,8.0,1
10,13.4286,08-04,33.0,1
10,13.5714,08-05,19.0,1
10,13.7143,08-06,27.0,1
10,13.8571,08-07,2.0,1
10,14.0,08-08,59.0,2
10,14.1429,08-09,9.0,2
10,14.2857,08-10,1.0,2
10,14.4286,08-11,38.0,2
10,14.5714,08-12,26.0,2
10,14.7143,08-13,30.0,2
10,14.8571,08-14,44.0,2
10,15.0,08-15,24.0,1
10,15.1429,08-16,7.0,1
10,15.2857,08-17,2.0,1
10,15.4286,08-18,41.0,1
10,15.5714,08-19,27.0,1
10,15.7143,08-20,1.0,1
10,15.8571,08-21,4.0,1
11,0.0,05-02,0.0,0
11,0.1429,05-03,1.0,0
11,0.2857,05-04,0.0,0
11,0.4286,05-05,2.0,0
11,0.5714,05-06,0.0,0
11,0.7143,05-07,0.0,0
11,0.8571,05-08,2.0,0
11,1.0,05-09,2.0,0
11,1.1429,05-10,0.0,0
11,1.2857,05-11,2.0,0
11,1.4286,05-12,0.0,0
11,1.5714,05-13,0.0,0
11,1.7143,05-14,0.0,0
11,1.8571,05-15,2.0,0
11,2.0,05-16,1.0,0
11,2.1429,05-17,0.0,0
11,2.2857,05-18,1.0,0
11,2.4286,05-19,0.0,0
11,2.5714,05-20,10.0,0
11,2.7143,05-21,0.0,0
11,2.8571,05-22,2.0,0
11,3.0,05-23,0.0,0
11,3.1429,05-24,1.0,0
11,3.2857,05-25,0.0,0
11,3.4286,05-26,0.0,0
11,3.5714,05-27,2.0,0
11,3.7143,05-28,3.0,0
11,3.8571,05-29,3.0,0
11,4.0,05-30,1.0,1
11,4.1429,05-31,2.0,1
11,4.2857,06-01,0.0,1
11,4.4286,06-02,1.0,1
11,4.5714,06-03,0.0,1
11,4.7143,06-04,2.0,1
11,4.8571,06-05,1.0,1
11,5.0,06-06,6.0,1
11,5.1429,06-07,0.0,1
11,5.2857,06-08,1.0,1
11,5.4286,06-09,2.0,1
11,5.5714,06-10,8.0,1
11,5.7143,06-11,3.0,1
11,5.8571,06-12,2.0,1
11,6.0,06-13,1.0,0
11,6.1429,06-14,0.0,0
11,6.2857,06-15,1.0,0
11,6.4286,06-16,8.0,0
11,6.5714,06-17,1.0,0
11,6.7143,06-18,3.0,0
11,6.8571,06-19,4.0,0
11,7.0,06-20,4.0,1
11,7.1429,06-21,0.0,1
11,7.2857,06-22,2.0,1
11,7.4286,06-23,15.0,1
11,7.5714,06-24,10.0,1
11,7.7143,06-25,5.0,1
11,7.8571,06-26,11.0,1
11,8.0,06-27,6.0,1
11,8.1429,06-28,0.0,1
11,8.2857,06-29,2.0,1
11,8.4286,06-30,14.0,1
11,8.5714,07-01,15.0,1
11,8.7143,07-02,7.0,1
11,8.8571,07-03,6.0,1
11,9.0,07-04,16.0,2
11,9.1429,07-05,2.0,2
11,9.2857,07-06,0.0,2
11,9.4286,07-07,12.0,2
11,9.5714,07-08,5.0,2
11,9.7143,07-09,11.0,2
11,9.8571,07-10,7.0,2
11,10.0,07-11,12.0,2
11,10.1429,07-12,4.0,2
11,10.2857,07-13,1.0,2
11,10.4286,07-14,23.0,2
11,10.5714,07-15,6.0,2
11,10.7143,07-16,12.0,2
11,10.8571,07-17,18.0,2
11,11.0,07-18,2.0,1
11,11.1429,07-19,1.0,1
11,11.2857,07-20,0.0,1
11,11.4286,07-21,30.0,1
11,11.5714,07-22,68.0,1
11,11.7143,07-23,31.0,1
11,11.8571,07-24,25.0,1
11,12.0,07-25,37.0,1
11,12.1429,07-26,12.0,1
11,12.2857,07-27,1.0,1
11,12.4286,07-28,53.0,1
11,12.5714,07-29,41.0,1
11,12.7143,07-30,34.0,1
11,12.8571,07-31,3.0,1
11,13.0,08-01,84.0,1
11,13.1429,08-02,11.0,1
11,13.2857,08-03,1.0,1
11,13.4286,08-04,55.0,1
11,13.5714,08-05,66.0,1
11,13.7143,08-06,34.0,1
11,13.8571,08-07,1.0,1
11,14.0,08-08,91.0,2
11,14.1429,08-09,3.0,2
11,14.2857,08-10,1.0,2
11,14.4286,08-11,35.0,2
11,14.5714,08-12,56.0,2
11,14.7143,08-13,59.0,2
11,14.8571,08-14,52.0,2
11,15.0,08-15,41.0,2
11,15.1429,08-16,7.0,2
11,15.2857,08-17,4.0,2
11,15.4286,08-18,50.0,2
11,15.5714,08-19,51.0,2
11,15.7143,08-20,5.0,2
11,15.8571,08-21,7.0,2
12,0.0,05-02,0.0,1
12,0.1429,05-03,0.0,1
12,0.2857,05-04,0.0,1
12,0.4286,05-05,12.0,1
12,0.5714,05-06,0.0,1
12,0.7143,05-07,0.0,1
12,0.8571,05-08,28.0,1
12,1.0,05-09,2.0,1
12,1.1429,05-10,0.0,1
12,1.2857,05-11,6.0,1
12,1.4286,05-12,0.0,1
12,1.5714,05-13,5.0,1
12,1.7143,05-14,0.0,1
12,1.8571,05-15,31.0,1
12,2.0,05-16,0.0,1
12,2.1429,05-17,0.0,1
12,2.2857,05-18,0.0,1
12,2.4286,05-19,1.0,1
12,2.5714,05-20,40.0,1
12,2.7143,05-21,25.0,1
12,2.8571,05-22,9.0,1
12,3.0,05-23,25.0,1
12,3.1429,05-24,10.0,1
12,3.2857,05-25,9.0,1
12,3.4286,05-26,5.0,1
12,3.5714,05-27,1.0,1
12,3.7143,05-28,30.0,1
12,3.8571,05-29,25.0,1
12,4.0,05-30,7.0,1
12,4.1429,05-31,17.0,1
12,4.2857,06-01,11.0,1
12,4.4286,06-02,21.0,1
12,4.5714,06-03,14.0,1
12,4.7143,06-04,20.0,1
12,4.8571,06-05,19.0,1
12,5.0,06-06,15.0,1
12,5.1429,06-07,6.0,1
12,5.2857,06-08,5.0,1
12,5.4286,06-09,32.0,1
12,5.5714,06-10,23.0,1
12,5.7143,06-11,16.0,1
12,5.8571,06-12,8.0,1
12,6.0,06-13,10.0,2
12,6.1429,06-14,5.0,2
12,6.2857,06-15,34.0,2
12,6.4286,06-16,29.0,2
12,6.5714,06-17,38.0,2
12,6.7143,06-18,31.0,2
12,6.8571,06-19,42.0,2
12,7.0,06-20,20.0,2
12,7.1429,06-21,22.0,2
12,7.2857,06-22,60.0,2
12,7.4286,06-23,27.0,2
12,7.5714,06-24,37.0,2
12,7.7143,06-25,127.0,2
12,7.8571,06-26,48.0,2
12,8.0,06-27,51.0,2
12,8.1429,06-28,41.0,2
12,8.2857,06-29,35.0,2
12,8.4286,06-30,60.0,2
12,8.5714,07-01,83.0,2
12,8.7143,07-02,51.0,2
12,8.8571,07-03,49.0,2
12,9.0,07-04,83.0,2
12,9.1429,07-05,20.0,2
12,9.2857,07-06,24.0,2
12,9.4286,07-07,65.0,2
12,9.5714,07-08,58.0,2
12,9.7143,07-09,34.0,2
12,9.8571,07-10,23.0,2
12,10.0,07-11,69.0,2
12,10.1429,07-12,22.0,2
12,10.2857,07-13,13.0,2
12,10.4286,07-14,45.0,2
12,10.5714,07-15,198.0,2
12,10.7143,07-16,54.0,2
12,10.8571,07-17,77.0,2
12,11.0,07-18,6.0,2
12,11.1429,07-19,2.0,2
12,11.2857,07-20,1.0,2
12,11.4286,07-21,94.0,2
12,11.5714,07-22,181.0,2
12,11.7143,07-23,81.0,2
12,11.8571,07-24,83.0,2
12,12.0,07-25,166.0,1
12,12.1429,07-26,15.0,1
12,12.2857,07-27,12.0,1
12,12.4286,07-28,85.0,1
12,12.5714,07-29,82.0,1
12,12.7143,07-30,84.0,1
12,12.8571,07-31,7.0,1
12,13.0,08-01,148.0,2
12,13.1429,08-02,14.0,2
12,13.2857,08-03,19.0,2
12,13.4286,08-04,70.0,2
12,13.5714,08-05,115.0,2
12,13.7143,08-06,83.0,2
12,13.8571,08-07,4.0,2
12,14.0,08-08,145.0,2
12,14.1429,08-09,10.0,2
12,14.2857,08-10,3.0,2
12,14.4286,08-11,115.0,2
12,14.5714,08-12,132.0,2
12,14.7143,08-13,86.0,2
12,14.8571,08-14,90.0,2
12,15.0,08-15,92.0,2
12,15.1429,08-16,4.0,2
12,15.2857,08-17,3.0,2
12,15.4286,08-18,76.0,2
12,15.5714,08-19,79.0,2
12,15.7143,08-20,3.0,2
12,15.8571,08-21,3.0,2
13,0.0,05-02,0.0,1
13,0.1429,05-03,0.0,1
13,0.2857,05-04,1.0,1
13,0.4286,05-05,9.0,1
13,0.5714,05-06,0.0,1
13,0.7143,05-07,1.0,1
13,0.8571,05-08,6.0,1
13,1.0,05-09,3.0,1
13,1.1429,05-10,0.0,1
13,1.2857,05-11,6.0,1
13,1.4286,05-12,0.0,1
13,1.5714,05-13,1.0,1
13,1.7143,05-14,1.0,1
13,1.8571,05-15,19.0,1
13,2.0,05-16,1.0,1
13,2.1429,05-17,1.0,1
13,2.2857,05-18,0.0,1
13,2.4286,05-19,0.0,1
13,2.5714,05-20,32.0,1
13,2.7143,05-21,19.0,1
13,2.8571,05-22,31.0,1
13,3.0,05-23,11.0,1
13,3.1429,05-24,4.0,1
13,3.2857,05-25,3.0,1
13,3.4286,05-26,3.0,1
13,3.5714,05-27,5.0,1
13,3.7143,05-28,75.0,1
13,3.8571,05-29,39.0,1
13,4.0,05-30,19.0,1
13,4.1429,05-31,7.0,1
13,4.2857,06-01,14.0,1
13,4.4286,06-02,28.0,1
13,4.5714,06-03,64.0,1
13,4.7143,06-04,55.0,1
13,4.8571,06-05,39.0,1
13,5.0,06-06,31.0,1
13,5.1429,06-07,0.0,1
13,5.2857,06-08,11.0,1
13,5.4286,06-09,41.0,1
13,5.5714,06-10,41.0,1
13,5.7143,06-11,39.0,1
13,5.8571,06-12,0.0,1
13,6.0,06-13,11.0,1
13,6.1429,06-14,1.0,1
13,6.2857,06-15,23.0,1
13,6.4286,06-16,37.0,1
13,6.5714,06-17,37.0,1
13,6.7143,06-18,23.0,1
13,6.8571,06-19,17.0,1
13,7.0,06-20,11.0,2
13,7.1429,06-21,0.0,2
13,7.2857,06-22,11.0,2
13,7.4286,06-23,23.0,2
13,7.5714,06-24,26.0,2
13,7.7143,06-25,21.0,2
13,7.8571,06-26,24.0,2
13,8.0,06-27,19.0,2
13,8.1429,06-28,2.0,2
13,8.2857,06-29,11.0,2
13,8.4286,06-30,48.0,2
13,8.5714,07-01,17.0,2
13,8.7143,07-02,21.0,2
13,8.8571,07-03,14.0,2
13,9.0,07-04,32.0,2
13,9.1429,07-05,3.0,2
13,9.2857,07-06,15.0,2
13,9.4286,07-07,41.0,2
13,9.5714,07-08,28.0,2
13,9.7143,07-09,9.0,2
13,9.8571,07-10,21.0,2
13,10.0,07-11,81.0,2
13,10.1429,07-12,180.0,2
13,10.2857,07-13,110.0,2
13,10.4286,07-14,23.0,2
13,10.5714,07-15,11.0,2
13,10.7143,07-16,60.0,2
13,10.8571,07-17,36.0,2
13,11.0,07-18,3.0,1
13,11.1429,07-19,0.0,1
13,11.2857,07-20,0.0,1
13,11.4286,07-21,66.0,1
13,11.5714,07-22,77.0,1
13,11.7143,07-23,18.0,1
13,11.8571,07-24,47.0,1
13,12.0,07-25,36.0,1
13,12.1429,07-26,3.0,1
13,12.2857,07-27,-1.0,1
13,12.4286,07-28,44.0,1
13,12.5714,07-29,41.0,1
13,12.7143,07-30,37.0,1
13,12.8571,07-31,7.0,1
13,13.0,08-01,89.0,2
13,13.1429,08-02,-2.0,2
13,13.2857,08-03,1.0,2
13,13.4286,08-04,55.0,2
13,13.5714,08-05,69.0,2
13,13.7143,08-06,51.0,2
13,13.8571,08-07,4.0,2
13,14.0,08-08,71.0,1
13,14.1429,08-09,0.0,1
13,14.2857,08-10,-1.0,1
13,14.4286,08-11,45.0,1
13,14.5714,08-12,34.0,1
13,14.7143,08-13,22.0,1
13,14.8571,08-14,154.0,1
13,15.0,08-15,26.0,1
13,15.1429,08-16,0.0,1
13,15.2857,08-17,0.0,1
13,15.4286,08-18,50.0,1
13,15.5714,08-19,64.0,1
13,15.7143,08-20,0.0,1
13,15.8571,08-21,2.0,1
14,0.0,05-02,25.0,1
14,0.1429,05-03,5.0,1
14,0.2857,05-04,29.0,1
14,0.4286,05-05,51.0,1
14,0.5714,05-06,16.0,1
14,0.7143,05-07,11.0,1
14,0.8571,05-08,84.0,1
14,1.0,05-09,9.0,1
14,1.1429,05-10,13.0,1
14,1.2857,05-11,18.0,1
14,1.4286,05-12,22.0,1
14,1.5714,05-13,5.0,1
14,1.7143,05-14,14.0,1
14,1.8571,05-15,70.0,1
14,2.0,05-16,18.0,1
14,2.1429,05-17,0.0,1
14,2.2857,05-18,1.0,1
14,2.4286,05-19,14.0,1
14,2.5714,05-20,183.0,1
14,2.7143,05-21,29.0,1
14,2.8571,05-22,29.0,1
14,3.0,05-23,42.0,1
14,3.1429,05-24,16.0,1
14,3.2857,05-25,3.0,1
14,3.4286,05-26,16.0,1
14,3.5714,05-27,26.0,1
14,3.7143,05-28,231.0,1
14,3.8571,05-29,87.0,1
14,4.0,05-30,35.0,1
14,4.1429,05-31,6.0,1
14,4.2857,06-01,9.0,1
14,4.4286,06-02,66.0,1
14,4.5714,06-03,64.0,1
14,4.7143,06-04,39.0,1
14,4.8571,06-05,84.0,1
14,5.0,06-06,29.0,1
14,5.1429,06-07,11.0,1
14,5.2857,06-08,27.0,1
14,5.4286,06-09,71.0,1
14,5.5714,06-10,237.0,1
14,5.7143,06-11,84.0,1
14,5.8571,06-12,29.0,1
14,6.0,06-13,48.0,1
14,6.1429,06-14,-2.0,1
14,6.2857,06-15,124.0,1
14,6.4286,06-16,99.0,1
14,6.5714,06-17,55.0,1
14,6.7143,06-18,122.0,1
14,6.8571,06-19,63.0,1
14,7.0,06-20,63.0,2
14,7.1429,06-21,11.0,2
14,7.2857,06-22,44.0,2
14,7.4286,06-23,126.0,2
14,7.5714,06-24,112.0,2
14,7.7143,06-25,122.0,2
14,7.8571,06-26,87.0,2
14,8.0,06-27,125.0,2
14,8.1429,06-28,12.0,2
14,8.2857,06-29,73.0,2
14,8.4286,06-30,97.0,2
14,8.5714,07-01,162.0,2
14,8.7143,07-02,142.0,2
14,8.8571,07-03,136.0,2
14,9.0,07-04,161.0,2
14,9.1429,07-05,27.0,2
14,9.2857,07-06,49.0,2
14,9.4286,07-07,145.0,2
14,9.5714,07-08,202.0,2
14,9.7143,07-09,70.0,2
14,9.8571,07-10,126.0,2
14,10.0,07-11,84.0,2
14,10.1429,07-12,35.0,2
14,10.2857,07-13,65.0,2
14,10.4286,07-14,110.0,2
14,10.5714,07-15,116.0,2
14,10.7143,07-16,109.0,2
14,10.8571,07-17,98.0,2
14,11.0,07-18,5.0,2
14,11.1429,07-19,13.0,2
14,11.2857,07-20,15.0,2
14,11.4286,07-21,399.0,2
14,11.5714,07-22,373.0,2
14,11.7143,07-23,69.0,2
14,11.8571,07-24,230.0,2
14,12.0,07-25,109.0,2
14,12.1429,07-26,80.0,2
14,12.2857,07-27,32.0,2
14,12.4286,07-28,329.0,2
14,12.5714,07-29,125.0,2
14,12.7143,07-30,167.0,2
14,12.8571,07-31,25.0,2
14,13.0,08-01,289.0,2
14,13.1429,08-02,40.0,2
14,13.2857,08-03,111.0,2
14,13.4286,08-04,315.0,2
14,13.5714,08-05,224.0,2
14,13.7143,08-06,249.0,2
14,13.8571,08-07,6.0,2
14,14.0,08-08,253.0,2
14,14.1429,08-09,86.0,2
14,14.2857,08-10,5.0,2
14,14.4286,08-11,321.0,2
14,14.5714,08-12,233.0,2
14,14.7143,08-13,247.0,2
14,14.8571,08-14,209.0,2
14,15.0,08-15,267.0,2
14,15.1429,08-16,81.0,2
14,15.2857,08-17,3.0,2
14,15.4286,08-18,289.0,2
14,15.5714,08-19,221.0,2
14,15.7143,08-20,10.0,2
14,15.8571,08-21,12.0,2
15,0.0,05-02,0.0,1
15,0.1429,05-03,0.0,1
15,0.2857,05-04,1.0,1
15,0.4286,05-05,1.0,1
15,0.5714,05-06,2.0,1
15,0.7143,05-07,0.0,1
15,0.8571,05-08,5.0,1
15,1.0,05-09,0.0,1
15,1.1429,05-10,0.0,1
15,1.2857,05-11,2.0,1
15,1.4286,05-12,1.0,1
15,1.5714,05-13,1.0,1
15,1.7143,05-14,1.0,1
15,1.8571,05-15,10.0,1
15,2.0,05-16,1.0,1
15,2.1429,05-17,0.0,1
15,2.2857,05-18,1.0,1
15,2.4286,05-19,3.0,1
15,2.5714,05-20,17.0,1
15,2.7143,05-21,-5.0,1
15,2.8571,05-22,7.0,1
15,3.0,05-23,6.0,1
15,3.1429,05-24,6.0,1
15,3.2857,05-25,1.0,1
15,3.4286,05-26,1.0,1
15,3.5714,05-27,4.0,1
15,3.7143,05-28,11.0,1
15,3.8571,05-29,13.0,1
15,4.0,05-30,9.0,0
15,4.1429,05-31,4.0,0
15,4.2857,06-01,0.0,0
15,4.4286,06-02,15.0,0
15,4.5714,06-03,12.0,0
15,4.7143,06-04,19.0,0
15,4.8571,06-05,9.0,0
15,5.0,06-06,15.0,0
15,5.1429,06-07,5.0,0
15,5.2857,06-08,1.0,0
15,5.4286,06-09,4.0,0
15,5.5714,06-10,7.0,0
15,5.7143,06-11,10.0,0
15,5.8571,06-12,10.0,0
15,6.0,06-13,22.0,1
15,6.1429,06-14,1.0,1
15,6.2857,06-15,23.0,1
15,6.4286,06-16,8.0,1
15,6.5714,06-17,5.0,1
15,6.7143,06-18,29.0,1
15,6.8571,06-19,10.0,1
15,7.0,06-20,28.0,1
15,7.1429,06-21,12.0,1
15,7.2857,06-22,4.0,1
15,7.4286,06-23,52.0,1
15,7.5714,06-24,30.0,1
15,7.7143,06-25,23.0,1
15,7.8571,06-26,18.0,1
15,8.0,06-27,29.0,2
15,8.1429,06-28,14.0,2
15,8.2857,06-29,8.0,2
15,8.4286,06-30,11.0,2
15,8.5714,07-01,15.0,2
15,8.7143,07-02,13.0,2
15,8.8571,07-03,22.0,2
15,9.0,07-04,32.0,2
15,9.1429,07-05,2.0,2
15,9.2857,07-06,18.0,2
15,9.4286,07-07,28.0,2
15,9.5714,07-08,227.0,2
15,9.7143,07-09,17.0,2
15,9.8571,07-10,51.0,2
15,10.0,07-11,33.0,1
15,10.1429,07-12,36.0,1
15,10.2857,07-13,15.0,1
15,10.4286,07-14,80.0,1
15,10.5714,07-15,58.0,1
15,10.7143,07-16,43.0,1
15,10.8571,07-17,47.0,1
15,11.0,07-18,6.0,1
15,11.1429,07-19,3.0,1
15,11.2857,07-20,2.0,1
15,11.4286,07-21,47.0,1
15,11.5714,07-22,67.0,1
15,11.7143,07-23,115.0,1
15,11.8571,07-24,142.0,1
15,12.0,07-25,189.0,1
15,12.1429,07-26,34.0,1
15,12.2857,07-27,24.0,1
15,12.4286,07-28,166.0,1
15,12.5714,07-29,45.0,1
15,12.7143,07-30,117.0,1
15,12.8571,07-31,3.0,1
15,13.0,08-01,109.0,2
15,13.1429,08-02,381.0,2
15,13.2857,08-03,72.0,2
15,13.4286,08-04,139.0,2
15,13.5714,08-05,106.0,2
15,13.7143,08-06,77.0,2
15,13.8571,08-07,11.0,2
15,14.0,08-08,227.0,2
15,14.1429,08-09,16.0,2
15,14.2857,08-10,4.0,2
15,14.4286,08-11,219.0,2
15,14.5714,08-12,214.0,2
15,14.7143,08-13,80.0,2
15,14.8571,08-14,134.0,2
15,15.0,08-15,78.0,2
15,15.1429,08-16,42.0,2
15,15.2857,08-17,7.0,2
15,15.4286,08-18,123.0,2
15,15.5714,08-19,221.0,2
15,15.7143,08-20,12.0,2
15,15.8571,08-21,14.0,2
16,0.0,05-02,0.0,0
16,0.1429,05-03,0.0,0
16,0.2857,05-04,0.0,0
16,0.4286,05-05,0.0,0
16,0.5714,05-06,0.0,0
16,0.7143,05-07,0.0,0
16,0.8571,05-08,0.0,0
16,1.0,05-09,0.0,0
16,1.1429,05-10,0.0,0
16,1.2857,05-11,2.0,0
16,1.4286,05-12,2.0,0
16,1.5714,05-13,1.0,0
16,1.7143,05-14,2.0,0
16,1.8571,05-15,12.0,0
16,2.0,05-16,3.0,0
16,2.1429,05-17,-9.0,0
16,2.2857,05-18,0.0,0
16,2.4286,05-19,0.0,0
16,2.5714,05-20,-1.0,0
16,2.7143,05-21,0.0,0
16,2.8571,05-22,1.0,0
16,3.0,05-23,0.0,0
16,3.1429,05-24,4.0,0
16,3.2857,05-25,1.0,0
16,3.4286,05-26,0.0,0
16,3.5714,05-27,1.0,0
16,3.7143,05-28,6.0,0
16,3.8571,05-29,10.0,0
16,4.0,05-30,2.0,0
16,4.1429,05-31,1.0,0
16,4.2857,06-01,0.0,0
16,4.4286,06-02,6.0,0
16,4.5714,06-03,7.0,0
16,4.7143,06-04,9.0,0
16,4.8571,06-05,5.0,0
16,5.0,06-06,7.0,1
16,5.1429,06-07,1.0,1
16,5.2857,06-08,3.0,1
16,5.4286,06-09,0.0,1
16,5.5714,06-10,0.0,1
16,5.7143,06-11,3.0,1
16,5.8571,06-12,2.0,1
16,6.0,06-13,0.0,0
16,6.1429,06-14,0.0,0
16,6.2857,06-15,4.0,0
16,6.4286,06-16,-1.0,0
16,6.5714,06-17,8.0,0
16,6.7143,06-18,4.0,0
16,6.8571,06-19,3.0,0
16,7.0,06-20,3.0,0
16,7.1429,06-21,0.0,0
16,7.2857,06-22,7.0,0
16,7.4286,06-23,8.0,0
16,7.5714,06-24,2.0,0
16,7.7143,06-25,2.0,0
16,7.8571,06-26,1.0,0
16,8.0,06-27,2.0,1
16,8.1429,06-28,1.0,1
16,8.2857,06-29,6.0,1
16,8.4286,06-30,0.0,1
16,8.5714,07-01,7.0,1
16,8.7143,07-02,4.0,1
16,8.8571,07-03,0.0,1
16,9.0,07-04,3.0,1
16,9.1429,07-05,6.0,1
16,9.2857,07-06,9.0,1
16,9.4286,07-07,0.0,1
16,9.5714,07-08,0.0,1
16,9.7143,07-09,10.0,1
16,9.8571,07-10,8.0,1
16,10.0,07-11,13.0,1
16,10.1429,07-12,8.0,1
16,10.2857,07-13,14.0,1
16,10.4286,07-14,0.0,1
16,10.5714,07-15,16.0,1
16,10.7143,07-16,7.0,1
16,10.8571,07-17,0.0,1
16,11.0,07-18,0.0,1
16,11.1429,07-19,2.0,1
16,11.2857,07-20,0.0,1
16,11.4286,07-21,54.0,1
16,11.5714,07-22,6.0,1
16,11.7143,07-23,33.0,1
16,11.8571,07-24,28.0,1
16,12.0,07-25,4.0,1
16,12.1429,07-26,26.0,1
16,12.2857,07-27,8.0,1
16,12.4286,07-28,4.0,1
16,12.5714,07-29,31.0,1
16,12.7143,07-30,10.0,1
16,12.8571,07-31,1.0,1
16,13.0,08-01,37.0,1
16,13.1429,08-02,14.0,1
16,13.2857,08-03,2.0,1
16,13.4286,08-04,2.0,1
16,13.5714,08-05,17.0,1
16,13.7143,08-06,17.0,1
16,13.8571,08-07,1.0,1
16,14.0,08-08,45.0,1
16,14.1429,08-09,4.0,1
16,14.2857,08-10,2.0,1
16,14.4286,08-11,36.0,1
16,14.5714,08-12,11.0,1
16,14.7143,08-13,18.0,1
16,14.8571,08-14,29.0,1
16,15.0,08-15,23.0,1
16,15.1429,08-16,3.0,1
16,15.2857,08-17,0.0,1
16,15.4286,08-18,21.0,1
16,15.5714,08-19,10.0,1
16,15.7143,08-20,1.0,1
16,15.8571,08-21,3.0,1
17,0.0,05-02,0.0,1
17,0.1429,05-03,2.0,1
17,0.2857,05-04,11.0,1
17,0.4286,05-05,42.0,1
17,0.5714,05-06,8.0,1
17,0.7143,05-07,14.0,1
17,0.8571,05-08,58.0,1
17,1.0,05-09,12.0,1
17,1.1429,05-10,7.0,1
17,1.2857,05-11,20.0,1
17,1.4286,05-12,22.0,1
17,1.5714,05-13,7.0,1
17,1.7143,05-14,8.0,1
17,1.8571,05-15,148.0,1
17,2.0,05-16,3.0,1
17,2.1429,05-17,-1.0,1
17,2.2857,05-18,4.0,1
17,2.4286,05-19,6.0,1
17,2.5714,05-20,393.0,1
17,2.7143,05-21,131.0,1
17,2.8571,05-22,77.0,1
17,3.0,05-23,61.0,1
17,3.1429,05-24,45.0,1
17,3.2857,05-25,10.0,1
17,3.4286,05-26,22.0,1
17,3.5714,05-27,58.0,1
17,3.7143,05-28,281.0,1
17,3.8571,05-29,108.0,1
17,4.0,05-30,73.0,1
17,4.1429,05-31,14.0,1
17,4.2857,06-01,34.0,1
17,4.4286,06-02,91.0,1
17,4.5714,06-03,67.0,1
17,4.7143,06-04,95.0,1
17,4.8571,06-05,40.0,1
17,5.0,06-06,90.0,2
17,5.1429,06-07,8.0,2
17,5.2857,06-08,26.0,2
17,5.4286,06-09,129.0,2
17,5.5714,06-10,104.0,2
17,5.7143,06-11,136.0,2
17,5.8571,06-12,77.0,2
17,6.0,06-13,29.0,1
17,6.1429,06-14,7.0,1
17,6.2857,06-15,137.0,1
17,6.4286,06-16,276.0,1
17,6.5714,06-17,145.0,1
17,6.7143,06-18,129.0,1
17,6.8571,06-19,180.0,1
17,7.0,06-20,105.0,2
17,7.1429,06-21,31.0,2
17,7.2857,06-22,21.0,2
17,7.4286,06-23,255.0,2
17,7.5714,06-24,185.0,2
17,7.7143,06-25,142.0,2
17,7.8571,06-26,249.0,2
17,8.0,06-27,124.0,2
17,8.1429,06-28,50.0,2
17,8.2857,06-29,47.0,2
17,8.4286,06-30,232.0,2
17,8.5714,07-01,294.0,2
17,8.7143,07-02,146.0,2
17,8.8571,07-03,225.0,2
17,9.0,07-04,141.0,2
17,9.1429,07-05,12.0,2
17,9.2857,07-06,40.0,2
17,9.4286,07-07,165.0,2
17,9.5714,07-08,232.0,2
17,9.7143,07-09,107.0,2
17,9.8571,07-10,186.0,2
17,10.0,07-11,95.0,2
17,10.1429,07-12,70.0,2
17,10.2857,07-13,7.0,2
17,10.4286,07-14,189.0,2
17,10.5714,07-15,207.0,2
17,10.7143,07-16,213.0,2
17,10.8571,07-17,290.0,2
17,11.0,07-18,15.0,2
17,11.1429,07-19,6.0,2
17,11.2857,07-20,3.0,2
17,11.4286,07-21,360.0,2
17,11.5714,07-22,452.0,2
17,11.7143,07-23,256.0,2
17,11.8571,07-24,306.0,2
17,12.0,07-25,182.0,1
17,12.1429,07-26,136.0,1
17,12.2857,07-27,10.0,1
17,12.4286,07-28,310.0,1
17,12.5714,07-29,330.0,1
17,12.7143,07-30,254.0,1
17,12.8571,07-31,21.0,1
17,13.0,08-01,519.0,1
17,13.1429,08-02,31.0,1
17,13.2857,08-03,47.0,1
17,13.4286,08-04,231.0,1
17,13.5714,08-05,437.0,1
17,13.7143,08-06,347.0,1
17,13.8571,08-07,17.0,1
17,14.0,08-08,627.0,1
17,14.1429,08-09,81.0,1
17,14.2857,08-10,5.0,1
17,14.4286,08-11,297.0,1
17,14.5714,08-12,434.0,1
17,14.7143,08-13,318.0,1
17,14.8571,08-14,243.0,1
17,15.0,08-15,388.0,1
17,15.1429,08-16,86.0,1
17,15.2857,08-17,2.0,1
17,15.4286,08-18,364.0,1
17,15.5714,08-19,312.0,1
17,15.7143,08-20,28.0,1
17,15.8571,08-21,45.0,1
18,0.0,05-02,0.0,0
18,0.1429,05-03,0.0,0
18,0.2857,05-04,0.0,0
18,0.4286,05-05,1.0,0
18,0.5714,05-06,1.0,0
18,0.7143,05-07,1.0,0
18,0.8571,05-08,1.0,0
18,1.0,05-09,0.0,0
18,1.1429,05-10,2.0,0
18,1.2857,05-11,0.0,0
18,1.4286,05-12,2.0,0
18,1.5714,05-13,-1.0,0
18,1.7143,05-14,0.0,0
18,1.8571,05-15,2.0,0
18,2.0,05-16,0.0,0
18,2.1429,05-17,0.0,0
18,2.2857,05-18,0.0,0
18,2.4286,05-19,0.0,0
18,2.5714,05-20,2.0,0
18,2.7143,05-21,1.0,0
18,2.8571,05-22,0.0,0
18,3.0,05-23,3.0,0
18,3.1429,05-24,3.0,0
18,3.2857,05-25,0.0,0
18,3.4286,05-26,5.0,0
18,3.5714,05-27,1.0,0
18,3.7143,05-28,4.0,0
18,3.8571,05-29,4.0,0
18,4.0,05-30,6.0,0
18,4.1429,05-31,1.0,0
18,4.2857,06-01,0.0,0
18,4.4286,06-02,2.0,0
18,4.5714,06-03,3.0,0
18,4.7143,06-04,5.0,0
18,4.8571,06-05,5.0,0
18,5.0,06-06,1.0,0
18,5.1429,06-07,1.0,0
18,5.2857,06-08,4.0,0
18,5.4286,06-09,20.0,0
18,5.5714,06-10,10.0,0
18,5.7143,06-11,7.0,0
18,5.8571,06-12,9.0,0
18,6.0,06-13,0.0,1
18,6.1429,06-14,2.0,1
18,6.2857,06-15,10.0,1
18,6.4286,06-16,22.0,1
18,6.5714,06-17,5.0,1
18,6.7143,06-18,8.0,1
18,6.8571,06-19,11.0,1
18,7.0,06-20,37.0,1
18,7.1429,06-21,3.0,1
18,7.2857,06-22,1.0,1
18,7.4286,06-23,12.0,1
18,7.5714,06-24,13.0,1
18,7.7143,06-25,3.0,1
18,7.8571,06-26,13.0,1
18,8.0,06-27,25.0,1
18,8.1429,06-28,1.0,1
18,8.2857,06-29,0.0,1
18,8.4286,06-30,14.0,1
18,8.5714,07-01,8.0,1
18,8.7143,07-02,6.0,1
18,8.8571,07-03,11.0,1
18,9.0,07-04,8.0,2
18,9.1429,07-05,6.0,2
18,9.2857,07-06,7.0,2
18,9.4286,07-07,13.0,2
18,9.5714,07-08,13.0,2
18,9.7143,07-09,12.0,2
18,9.8571,07-10,9.0,2
18,10.0,07-11,9.0,2
18,10.1429,07-12,6.0,2
18,10.2857,07-13,-1.0,2
18,10.4286,07-14,11.0,2
18,10.5714,07-15,7.0,2
18,10.7143,07-16,17.0,2
18,10.8571,07-17,5.0,2
18,11.0,07-18,-2.0,1
18,11.1429,07-19,0.0,1
18,11.2857,07-20,1.0,1
18,11.4286,07-21,43.0,1
18,11.5714,07-22,41.0,1
18,11.7143,07-23,8.0,1
18,11.8571,07-24,20.0,1
18,12.0,07-25,16.0,1
18,12.1429,07-26,0.0,1
18,12.2857,07-27,6.0,1
18,12.4286,07-28,12.0,1
18,12.5714,07-29,21.0,1
18,12.7143,07-30,6.0,1
18,12.8571,07-31,0.0,1
18,13.0,08-01,24.0,1
18,13.1429,08-02,1.0,1
18,13.2857,08-03,6.0,1
18,13.4286,08-04,24.0,1
18,13.5714,08-05,8.0,1
18,13.7143,08-06,17.0,1
18,13.8571,08-07,0.0,1
18,14.0,08-08,44.0,1
18,14.1429,08-09,6.0,1
18,14.2857,08-10,4.0,1
18,14.4286,08-11,27.0,1
18,14.5714,08-12,15.0,1
18,14.7143,08-13,25.0,1
18,14.8571,08-14,18.0,1
18,15.0,08-15,23.0,1
18,15.1429,08-16,0.0,1
18,15.2857,08-17,0.0,1
18,15.4286,08-18,16.0,1
18,15.5714,08-19,21.0,1
18,15.7143,08-20,0.0,1
18,15.8571,08-21,0.0,1
19,0.0,05-02,0.0,1
19,0.1429,05-03,1.0,1
19,0.2857,05-04,0.0,1
19,0.4286,05-05,6.0,1
19,0.5714,05-06,0.0,1
19,0.7143,05-07,0.0,1
19,0.8571,05-08,11.0,1
19,1.0,05-09,2.0,1
19,1.1429,05-10,0.0,1
19,1.2857,05-11,37.0,1
19,1.4286,05-12,1.0,1
19,1.5714,05-13,1.0,1
19,1.7143,05-14,5.0,1
19,1.8571,05-15,64.0,1
19,2.0,05-16,0.0,0
19,2.1429,05-17,0.0,0
19,2.2857,05-18,0.0,0
19,2.4286,05-19,0.0,0
19,2.5714,05-20,45.0,0
19,2.7143,05-21,8.0,0
19,2.8571,05-22,4.0,0
19,3.0,05-23,17.0,0
19,3.1429,05-24,0.0,0
19,3.2857,05-25,14.0,0
19,3.4286,05-26,15.0,0
19,3.5714,05-27,8.0,0
19,3.7143,05-28,18.0,0
19,3.8571,05-29,6.0,0
19,4.0,05-30,7.0,1
19,4.1429,05-31,4.0,1
19,4.2857,06-01,5.0,1
19,4.4286,06-02,7.0,1
19,4.5714,06-03,18.0,1
19,4.7143,06-04,6.0,1
19,4.8571,06-05,2.0,1
19,5.0,06-06,8.0,0
19,5.1429,06-07,0.0,0
19,5.2857,06-08,1.0,0
19,5.4286,06-09,11.0,0
19,5.5714,06-10,2.0,0
19,5.7143,06-11,1.0,0
19,5.8571,06-12,2.0,0
19,6.0,06-13,2.0,1
19,6.1429,06-14,1.0,1
19,6.2857,06-15,1.0,1
19,6.4286,06-16,14.0,1
19,6.5714,06-17,3.0,1
19,6.7143,06-18,7.0,1
19,6.8571,06-19,5.0,1
19,7.0,06-20,5.0,1
19,7.1429,06-21,1.0,1
19,7.2857,06-22,0.0,1
19,7.4286,06-23,23.0,1
19,7.5714,06-24,8.0,1
19,7.7143,06-25,10.0,1
19,7.8571,06-26,21.0,1
19,8.0,06-27,6.0,1
19,8.1429,06-28,1.0,1
19,8.2857,06-29,9.0,1
19,8.4286,06-30,16.0,1
19,8.5714,07-01,20.0,1
19,8.7143,07-02,12.0,1
19,8.8571,07-03,8.0,1
19,9.0,07-04,14.0,2
19,9.1429,07-05,0.0,2
19,9.2857,07-06,9.0,2
19,9.4286,07-07,10.0,2
19,9.5714,07-08,20.0,2
19,9.7143,07-09,123.0,2
19,9.8571,07-10,6.0,2
19,10.0,07-11,30.0,2
19,10.1429,07-12,14.0,2
19,10.2857,07-13,2.0,2
19,10.4286,07-14,28.0,2
19,10.5714,07-15,18.0,2
19,10.7143,07-16,25.0,2
19,10.8571,07-17,9.0,2
19,11.0,07-18,1.0,1
19,11.1429,07-19,4.0,1
19,11.2857,07-20,0.0,1
19,11.4286,07-21,29.0,1
19,11.5714,07-22,46.0,1
19,11.7143,07-23,19.0,1
19,11.8571,07-24,16.0,1
19,12.0,07-25,34.0,1
19,12.1429,07-26,5.0,1
19,12.2857,07-27,2.0,1
19,12.4286,07-28,31.0,1
19,12.5714,07-29,40.0,1
19,12.7143,07-30,19.0,1
19,12.8571,07-31,0.0,1
19,13.0,08-01,63.0,1
19,13.1429,08-02,13.0,1
19,13.2857,08-03,20.0,1
19,13.4286,08-04,30.0,1
19,13.5714,08-05,46.0,1
19,13.7143,08-06,69.0,1
19,13.8571,08-07,5.0,1
19,14.0,08-08,99.0,1
19,14.1429,08-09,33.0,1
19,14.2857,08-10,0.0,1
19,14.4286,08-11,82.0,1
19,14.5714,08-12,64.0,1
19,14.7143,08-13,63.0,1
19,14.8571,08-14,57.0,1
19,15.0,08-15,63.0,2
19,15.1429,08-16,16.0,2
19,15.2857,08-17,2.0,2
19,15.4286,08-18,69.0,2
19,15.5714,08-19,74.0,2
19,15.7143,08-20,4.0,2
19,15.8571,08-21,9.0,2
20,0.0,05-02,21.0,2
20,0.1429,05-03,8.0,2
20,0.2857,05-04,15.0,2
20,0.4286,05-05,55.0,2
20,0.5714,05-06,29.0,2
20,0.7143,05-07,29.0,2
20,0.8571,05-08,43.0,2
20,1.0,05-09,6.0,1
20,1.1429,05-10,7.0,1
20,1.2857,05-11,32.0,1
20,1.4286,05-12,21.0,1
20,1.5714,05-13,17.0,1
20,1.7143,05-14,41.0,1
20,1.8571,05-15,99.0,1
20,2.0,05-16,9.0,1
20,2.1429,05-17,1.0,1
20,2.2857,05-18,3.0,1
20,2.4286,05-19,3.0,1
20,2.5714,05-20,164.0,1
20,2.7143,05-21,219.0,1
20,2.8571,05-22,220.0,1
20,3.0,05-23,188.0,1
20,3.1429,05-24,26.0,1
20,3.2857,05-25,28.0,1
20,3.4286,05-26,71.0,1
20,3.5714,05-27,103.0,1
20,3.7143,05-28,272.0,1
20,3.8571,05-29,87.0,1
20,4.0,05-30,44.0,1
20,4.1429,05-31,1.0,1
20,4.2857,06-01,26.0,1
20,4.4286,06-02,67.0,1
20,4.5714,06-03,51.0,1
20,4.7143,06-04,62.0,1
20,4.8571,06-05,85.0,1
20,5.0,06-06,47.0,1
20,5.1429,06-07,8.0,1
20,5.2857,06-08,4.0,1
20,5.4286,06-09,71.0,1
20,5.5714,06-10,99.0,1
20,5.7143,06-11,41.0,1
20,5.8571,06-12,2.0,1
20,6.0,06-13,20.0,1
20,6.1429,06-14,2.0,1
20,6.2857,06-15,72.0,1
20,6.4286,06-16,41.0,1
20,6.5714,06-17,58.0,1
20,6.7143,06-18,44.0,1
20,6.8571,06-19,25.0,1
20,7.0,06-20,15.0,1
20,7.1429,06-21,4.0,1
20,7.2857,06-22,14.0,1
20,7.4286,06-23,40.0,1
20,7.5714,06-24,28.0,1
20,7.7143,06-25,47.0,1
20,7.8571,06-26,31.0,1
20,8.0,06-27,23.0,1
20,8.1429,06-28,5.0,1
20,8.2857,06-29,13.0,1
20,8.4286,06-30,36.0,1
20,8.5714,07-01,41.0,1
20,8.7143,07-02,31.0,1
20,8.8571,07-03,43.0,1
20,9.0,07-04,54.0,1
20,9.1429,07-05,1.0,1
20,9.2857,07-06,18.0,1
20,9.4286,07-07,43.0,1
20,9.5714,07-08,49.0,1
20,9.7143,07-09,25.0,1
20,9.8571,07-10,19.0,1
20,10.0,07-11,39.0,2
20,10.1429,07-12,4.0,2
20,10.2857,07-13,3.0,2
20,10.4286,07-14,31.0,2
20,10.5714,07-15,26.0,2
20,10.7143,07-16,46.0,2
20,10.8571,07-17,31.0,2
20,11.0,07-18,-1.0,1
20,11.1429,07-19,2.0,1
20,11.2857,07-20,1.0,1
20,11.4286,07-21,80.0,1
20,11.5714,07-22,146.0,1
20,11.7143,07-23,62.0,1
20,11.8571,07-24,131.0,1
20,12.0,07-25,77.0,2
20,12.1429,07-26,16.0,2
20,12.2857,07-27,10.0,2
20,12.4286,07-28,109.0,2
20,12.5714,07-29,110.0,2
20,12.7143,07-30,75.0,2
20,12.8571,07-31,7.0,2
20,13.0,08-01,203.0,1
20,13.1429,08-02,0.0,1
20,13.2857,08-03,4.0,1
20,13.4286,08-04,118.0,1
20,13.5714,08-05,104.0,1
20,13.7143,08-06,102.0,1
20,13.8571,08-07,4.0,1
20,14.0,08-08,192.0,1
20,14.1429,08-09,10.0,1
20,14.2857,08-10,-5.0,1
20,14.4286,08-11,96.0,1
20,14.5714,08-12,83.0,1
20,14.7143,08-13,73.0,1
20,14.8571,08-14,90.0,1
20,15.0,08-15,48.0,2
20,15.1429,08-16,6.0,2
20,15.2857,08-17,1.0,2
20,15.4286,08-18,129.0,2
20,15.5714,08-19,82.0,2
20,15.7143,08-20,5.0,2
20,15.8571,08-21,5.0,2
